4.2
46.8
33.5
50.1
17
72.5
47.9
35.9
96.3
46.5
70.6
14.6
28.2
82.8
96.2
49.2
99.6
94.3
82.8
43.7
39.2
60.5
90.3
15.4
29.3
38.3
42.2
71.7
71.9
89.6
44.8
72.7
77.2
53.9
87
91.3
66.8
30
3.6
89.5
70.4
81.2
32.3
33.4
67.4
66.5
14.2
71.2
25.4
86.9
54.8
64.5
66.3
75.8
3.8
86
72.4
74.2
53
77.9
31.7
3.6
19.1
84.3
28.9
10.7
4.1
94.3
26.5
64.9
44.7
80.6
89.1
73
37.1
35.1
0.7
10.2
39.4
54.9
63
62.4
8.5
95.5
75.7
84.1
96.7
37.7
93.2
30.9
94.5
44
62.7
32.4
53.8
53.9
11.9
8.3
93
54.2
83.4
11.6
64
65.9
70.5
93.1
97.8
30.7
67.4
38.7
2.2
74.6
92.5
7.3
27.1
83
77.8
57.4
9.8
51.3
98.7
29.1
16.2
63.7
35.6
76.8
65.6
57.5
3.2
5.3
35.1
15.1
94.2
72.5
96.7
43.1
10.8
19.2
0.8
33.8
45.8
28.8
75.4
38.4
94.6
91
21
75.9
22.2
58.9
42.3
94.7
50.7
3.1
41.4
16.9
90.1
59.2
76.3
65.6
41.1
36
62.5
53.8
54.9
48.4
59.6
4.2
60.3
35.1
29.2
83.7
37.5
2.1
59.7
2.2
34.9
20
66.9
48.5
28.2
73.5
5.4
100
41.9
93.9
90.1
78.9
12.8
46.8
72.9
89.4
64.9
48.4
80.8
42.2
31.1
61.8
81.4
51.5
31
61.7
93.6
45.2
60.1
25
52
55.7
79.9
30.4
22.5
0.9
84.5
61
99
70.3
19.6
48.6
9.4
34.4
52.4
58.8
31.5
50.4
44.9
20.1
45.9
61.9
58.1
79.7
79.9
28.2
59
79.9
1
15.8
47.3
62.3
53.9
29.3
3.9
18
19.1
65.8
95.9
19.2
81.6
88.9
15.7
51.2
20.3
63.5
27.3
5.6
32.9
64.7
36.3
88.7
87.6
43.4
87
14.3
84.5
41.7
88.2
99.9
32.3
65.2
2.2
70
55.8
47.7
89.3
39
7.6
71.3
60.1
51.1
0.4
87
86.2
68.9
40.2
79
25.6
42.4
0.3
58.6
18.3
28.6
8.9
42.7
61.8
75.8
83.3
93.3
17
15.5
72.2
19
97.7
33
36.9
69.3
42.6
55.6
43.5
55
44.2
51.3
14.6
6.1
71.9
75.4
14
42.4
28
99.7
68.8
53
55
43.8
86.7
95
19.4
19.6
29.8
41.7
28.7
10.6
48.9
28.3
45.6
73.5
11.5
70.2
31.7
67.2
78.7
26.4
31.4
35.6
18.6
5.4
91.3
80.9
83.3
94.6
31.4
75.7
32.2
55.9
64.7
98.3
48.2
14.5
19.7
22.3
13
16.2
53.6
45.1
17.4
46.7
4.5
66
29.3
44
25.4
2.5
15.5
51.1
74.6
65
18.7
31.4
47.5
2.3
16.9
1.9
78.8
90.6
95.9
39.2
20.3
62.6
47.8
41.5
31.5
82.5
33.5
87.5
37.3
16
83.4
7.1
48.8
29.8
51.9
17.8
77.4
27.1
76.4
66.9
19.3
98.6
10.3
48.1
21.4
62.8
80.3
10
52.8
62.6
54.4
92.5
2.4
97.3
6.2
18.2
0.4
43.3
50.6
59.4
72.6
3.2
49.3
14.3
22.3
28.7
6.5
90.1
18.8
36.1
41.4
97.5
27.1
17.1
23.6
83.4
71.2
76.1
89.7
66.8
28.6
55.1
14.1
69.5
69.6
62.5
2
12.6
57.7
69.5
65.9
30.3
37.2
46.7
67.9
59.4
85.2
48.5
1.9
46.5
12
15.3
80.1
8.8
6.1
92.7
1.1
75.8
17.1
31.6
57.7
22.8
4.4
75.9
16.5
11
88.3
8.7
56.6
48.8
57.8
47.5
62.6
62.8
63
92.9
42.4
52.1
90.3
96.3
12.4
59.7
73.8
26.2
19.6
52.6
26.5
26.1
20.3
11.7
3.1
32.7
1.2
77.2
41.2
54.8
15.4
52.1
79.1
92.5
18.9
76.4
94.1
85.2
66.3
83
90.1
71.4
95.9
57.9
36.6
0.8
47.8
20.1
5.9
44
30.4
76.1
35.8
32.5
47.8
10.9
11.4
88.8
80.2
85.1
46.1
42.9
99.4
38.5
40.6
54.1
11.2
70.5
83.6
35.7
7.3
35.1
82.4
48.6
55.7
21.7
62.7
35.8
52.7
35.8
33.8
27.2
87
36.2
89.7
2.3
61.8
11.3
71.8
69.7
58.6
4.2
42.4
13
23
56.6
56
93.3
29.7
85.6
5.4
96.3
58.5
73.5
65.5
97.3
45.8
37
53.3
96.4
60.8
48.4
91.2
63.6
6.8
84.9
67.6
93.9
22.4
14.3
75.5
51.2
74.2
17.6
46
82.6
22.2
87.1
62.7
93.5
20.6
78.4
85.1
39.9
28
70.2
19.4
73.5
63.8
53.5
55.7
99.4
17.7
70.6
96.3
54.9
88.2
30.1
41.4
64.2
85.6
85.6
14.3
46.3
61.2
87.8
42.5
67.9
75.3
44.4
29.7
67.4
4.1
31.4
87.6
7.3
81.9
61.1
1.8
93.3
11.3
69.6
17
83.2
4.1
48.9
68.6
9.1
49.8
59
99.1
14.6
35.4
31.5
65.2
74.1
4.5
25.9
33.6
76
19.3
60.6
26.5
18.2
50.4
83
77.6
60.9
29.3
99.8
55
55.7
56.2
62.8
46.8
54.2
13
24.1
81.4
17.5
60.2
7.8
21.6
68.4
21.4
99.3
82.5
60.2
39.3
76
67.1
42.9
2.8
8.5
7.6
78.7
49.9
97.1
28.8
84.8
60.5
50.4
22.2
66.4
70.7
36.4
1.1
17.2
49
24.1
16.5
54.3
62
91.4
59.2
70.5
81.9
23.3
75.1
20.6
97.6
54
30.4
42.3
9.9
24.8
58.5
64.9
97.2
86.5
91.4
7.6
54.6
71.3
54.7
67.9
77
26.3
52
98.6
29
94.5
86.6
54.1
24.6
50.9
31.9
87.1
60.2
32.4
13.3
47.3
15.3
8.8
57.1
76.4
90.2
10.4
42.4
52.8
60.1
97
1.6
56.6
2.9
54.4
34.8
8.9
94.4
63.8
41
46.4
5
68.2
58.9
34.3
60.9
6.1
22.2
75.9
95.5
88.9
14.7
69.1
95
84.4
43.1
62.1
74.9
6.8
53.7
78.4
3.6
22.7
18.6
3.9
85.4
63
22.5
74.9
92.4
36
25.8
76.7
94.5
95.6
31.9
72.7
41.2
2.6
35.6
0.2
55
49.7
58.5
51.6
96.5
34.3
7.6
91.4
14.3
19.7
94.9
7.3
42.7
60.7
17.4
43
40.5
70.6
62.7
81.3
37.6
9.4
56.6
3.7
73.7
14.2
81.5
99.5
25.7
65.3
93.7
83.9
48.3
35.6
1.6
13.2
23.1
84.2
62.6
1.2
63.8
18.7
69.1
65.1
66.3
63.5
89.4
35.4
41.7
45.3
0.9
26.3
23.4
45.5
30.4
63.5
30.4
25.7
14.9
12.5
31.8
21.4
11
2.9
20.1
8.1
31.9
85.9
5.1
15.6
36.2
26.5
90.4
67.7
64.4
91
90.3
56.2
49
94.9
28.3
65.4
67.5
22.1
40.3
92.4
83.2
37
87.9
26
0.9
62
97.2
0.4
94.6
78.2
50.5
39.3
68.6
31.4
69.9
59
72.3
93.9
3.8
41.1
46.2
23.5
50.9
96.2
96
49.4
51.6
27
93.8
87
5.9
70.1
97.2
26.5
11.8
21.6
55.6
81.6
33.1
4
21.3
28.9
8.3
95.5
8.6
71.1
48.5
77.5
38.1
81.6
95.2
54.2
11.6
68
11.1
89.9
7.4
78.9
97.8
13.3
95.7
69
11.4
0.9
94.2
79.1
72.4
36.4
2.9
18.5
77.9
20.1
7.2
88.6
97.5
7.2
33.4
86.8
15.4
29.6
16.9
82.6
67.7
63
65.1
59.9
31
69.4
68.7
8.1
11.7
25
66.8
52.9
68
86.5
42.2
40.6
82.7
81.7
51.7
72.7
66.7
8.8
68.2
96.5
34.1
68.7
2.2
66.3
72.2
6.5
31
41.6
90.3
87.4
12.5
94.2
74.6
76.3
42.4
53.2
80.7
26.9
31.9
60.3
90.8
30.8
48.2
1.3
13.7
63.1
11.5
81
8.5
55.7
29.1
29.4
99.7
15.3
5.5
34.6
70.9
24.9
49.2
71.3
13.2
11.5
44
95.9
72.3
70.5
99.6
5.3
27
48
23.9
42.4
91.9
86.7
66
49.9
48.7
19.7
46.3
63.4
15.9
2.3
14.7
39.3
3.8
92.6
64.8
45.9
60.3
80.8
9.9
83.1
29.3
60.1
27.9
80
35.3
44.9
88.3
54.1
31.6
57.6
76.3
56.8
33.7
39.8
41.9
89.8
82.9
85.2
81.7
23.1
45
92.6
65.9
23
52.1
94.1
56.1
14.8
16.3
65.6
67.6
79.3
36.2
75.5
39.9
14.7
71.5
94.7
18.9
57
63.9
66.4
7.6
51.6
52.2
47.6
61.6
52.9
23.5
57.1
90.6
46.5
55.8
96.3
16.2
52.5
55
47
33.1
92.4
35.1
33.4
92.6
91.1
73.8
33.7
33.8
27.9
39.4
63.7
71.5
16.5
59.2
95
13.6
50.6
33.8
0.5
33.8
62.4
66.5
97.1
60.9
56.9
28.2
8.6
15.3
37.4
65.3
19.5
87.7
82.7
39.7
57.3
25
64.1
17.5
82
94.4
61.2
94.2
29
42
56.6
80.6
58.6
21.7
45.1
61.6
61
6.5
16.7
89.4
7.5
51
30.1
69.6
57.4
59
16.2
17.3
96.9
35.9
3.2
26.9
42.7
51.1
42.3
77.5
78
91.1
55.3
18.3
39.2
49.6
76.5
87.5
36.5
90.3
25.6
46.1
47.5
97.3
82.2
12.3
54.8
57.8
79
60.6
19.6
59.5
95.1
34.4
75.5
48.2
1.3
67.3
44
42.9
91.3
76.3
96.8
40.9
41.6
90.9
22.4
76
43.5
20.5
48.7
32
95.9
94.6
80.7
16.7
70.1
36.8
69.3
78.8
53.3
55.7
97.5
44.8
2.2
28.4
22.3
33.2
37.7
58.4
94.9
72.4
98.3
1.9
77.7
22.1
11.2
18.3
85.7
49.1
92.6
32.5
48.7
67.8
97
64.4
53.5
67.8
66.9
6.9
99.2
19.7
78.4
82.9
72.8
42.7
87.2
69.8
61.3
70.4
2.8
40.9
54.6
50.9
18.6
23.9
23.8
44.4
31.4
50.2
85.1
12.9
11.2
65.1
15
19.3
45.5
87
68.2
46.6
26.8
71.4
79.4
63.5
47.3
97.3
83.1
90.2
44.3
17.8
87.8
77.1
70.3
36.5
38.2
59.1
82.4
23.8
2.4
18
59.6
17
32.8
4.3
31.1
18.3
5.9
92.7
48.8
67.1
52.9
65.2
25.9
21.4
86.1
78.4
28.7
74.3
61.1
47.3
12.9
43.5
84.2
71.9
50.4
86.8
86.6
93.9
88.2
25.8
75.1
61.5
59.9
45.9
66.2
6.4
75.7
80.8
27.9
49
43.6
36.6
7.6
58.7
38.7
83.4
36.1
33.1
4.9
92.9
49.3
43.4
84.1
76.7
73.6
81.1
60
83.8
89.3
98.3
32.9
35.3
37
24.5
79.5
60.9
25.3
64.8
43.3
53.6
20.9
26.5
49.8
24.4
65
1.6
84.2
19
10.1
81.3
64.9
52.4
85.2
47.5
63.4
89.2
20.1
85.5
99.1
69.8
92
78.1
57.9
93.2
54.5
34.1
48.8
90
52.6
48.4
53.9
49.3
19.4
25.3
1.2
56.1
83.5
84.1
49.8
78.6
53
54.1
80.6
79.2
39.3
21.1
55
57.9
98
97.2
27.8
7.4
19.4
62.1
49.8
82.7
27.7
79.1
58.3
57.9
16
41.9
49
16
45
92.5
7.3
38.1
0.9
96.8
20.9
47.8
50.4
37.1
60.8
19.7
7.5
72.3
61.2
2
76.2
5.7
89.1
16.4
68.4
71.7
93.3
45.3
74.2
95.5
81.4
86.3
39.7
46.1
61.6
90.5
60
13.7
68.1
19.9
3.3
38.8
58.5
24.1
51.8
0.7
67.1
24.2
88.3
25
52.4
75.9
10.6
62.2
9.6
29.7
91.7
67.9
17.9
58
5.9
57.8
75.1
0.8
73
8.2
99.6
67.9
67.7
75.4
90
78.5
56.6
9.4
60.9
17.3
24.4
93
51.5
16.9
5.6
19.2
97.4
92.3
74.9
65.2
98.7
14.5
44.7
57.8
51.8
63
91.7
87.5
79.2
47
91.3
14.7
69.4
9.2
81.6
95
85.8
64.1
5.3
23.7
55.2
48.8
22.7
16.3
95.6
18.4
39.5
18.1
9.8
6.6
6.6
51.4
26.2
57.9
7.9
87.9
14.1
61.2
94.8
44.6
17.1
97.6
49
75.1
15
33.4
86.6
21.5
28.3
0.8
43.3
89.7
36.8
52.3
88.3
81.1
64.2
23.2
18.8
70.6
48
32.2
53.9
35.2
44.8
20.9
64.7
27.7
76
19
42.3
66.7
48.7
45.6
2.9
61.5
86.1
25.4
77.8
34.9
50.4
86.2
43.2
8.3
45.6
19.8
10.7
75.3
82.2
29.7
28.2
2.2
45.6
94.8
12.5
31.9
13.6
37.7
77.5
86
99.9
7.5
25.4
92.3
63.6
64.4
88.9
15.4
23.3
74.8
68.1
92.7
67.9
45.1
80.2
96.2
20
85.6
36.4
71.7
57.4
56.2
24.6
47.4
27.5
55.1
35.4
18.2
28.8
70
11.1
64.4
46.6
17.3
53
98.2
11.3
47.7
38.2
24.8
89.1
67.2
80.6
37.3
3.3
99
32.1
16.6
43.2
65.9
29.4
20.7
57.9
94.9
20.7
17.2
16.7
39.7
69.8
2.1
69.5
53
78.9
11
98.5
97
97.9
61.8
1.6
62.7
68.5
16.9
90.7
92.9
9.8
11.9
39.1
20
78.6
48.7
20
42.1
71.1
27.2
81.4
41.6
8.6
31.9
58.1
33.2
26.8
38.8
44.5
18.7
50.8
36.1
82.8
7.5
43.2
15.3
27.2
26.9
69.4
88.6
33.8
31.2
60.5
67.8
40.7
76.9
2.3
41.4
0.1
54.3
53.8
3.9
38.9
35.6
29
64.8
18.2
9.4
58.5
98.8
76.2
49.4
21.8
50.2
48.3
44.8
66.6
75.4
10.5
8.5
9.6
52.6
22.2
96.5
78.2
87.3
10.7
65.7
34.4
59.4
8.1
8.1
86.9
41.2
71.4
96.9
25.2
21.7
8
76.9
4.1
53.2
93.4
78
66.4
26
65.4
93.7
9.6
36.6
87.5
72.1
83.6
68.1
97.7
45.6
72.6
7.2
80.9
56
15.7
60.3
83.3
90.6
44.1
37.6
56.3
88.6
96.3
8.1
83.7
79.8
20.3
50.9
8.1
34.1
7.7
5.9
49.4
74.1
54.7
47.5
77.4
9.8
88.1
33.6
7.3
40.1
70.8
95.6
66.7
14.2
58.9
48.2
16.9
31.6
39.7
22.6
1
1.3
13.7
45.6
76.3
4.4
74.3
2.2
92.3
51.3
24.9
1.9
36.9
71.8
71.5
65.1
29.1
33.6
76
17
89.6
30.4
64.1
98
20
10.6
79.2
66.2
68.2
65.3
75.4
3.4
3
98.8
4.3
25.4
8.4
42.1
81.5
71.9
24.5
6.4
23
65.3
86.5
77
47.1
0.6
4.8
59.5
48.8
32.7
27.7
32.4
54.1
68
99.1
58.9
71.1
27.2
94.6
22.2
47.1
18.4
59
95.6
97.9
78
0.7
26.3
13.6
48.8
19.7
3.4
8.9
93.6
78
99.4
79.1
96.3
96.6
0.2
10.6
80.8
56.8
67
13.5
67.2
45.8
99.9
54.6
59.8
21.9
83.9
84.5
37.3
56.4
2.9
26.5
80.2
72.4
49.1
60.5
60.2
22.8
19.8
69.3
77.2
36.4
30.2
36.4
72.2
56.6
42.2
44.6
61.1
49.6
74.2
2.3
81.3
15.2
1.6
5.6
39.4
73.9
28
88.3
60.9
65.5
82.3
70.8
24.6
33.9
14.5
29.1
34
15.5
60.5
62.4
22.6
7.9
72.5
98.2
33.1
73.4
22.4
59.5
13.1
84.7
98.8
44.6
80.6
61.7
75.1
49
33.9
96.4
13.6
69.8
21
63.1
22.5
90.9
73.8
47.5
92.1
37.3
29.4
85.6
73.5
56.2
5.7
60.7
18.5
7.6
38.3
12
74.2
43.3
68.5
78
28
28.4
66.8
83.7
12.6
11.9
73.8
2.9
12
57.8
73.8
9.2
55.7
79.6
6.1
90.2
79.4
43.3
13.7
58.1
87.6
90.8
18.5
7.5
72
79.1
47.7
4.2
35.2
33
29.1
97.5
7.3
59.2
19
78.8
49.1
24
89.4
5.4
6.4
68.2
90.4
0.6
17.7
48
69.6
14
46.9
99.9
8.4
64
51.6
62.2
99.4
82.7
72.3
83.9
82.9
58.2
40
97.9
89.2
2.4
94.4
83.5
24.4
35
70.3
70.8
50.3
14.2
68.8
34.7
89.2
63.8
41.4
40.1
81.7
69.1
16.3
93.6
12.7
41.1
87.8
38.3
26.1
19
70.6
87.5
66.4
72.3
19.6
56.7
36.1
3.9
58.9
81.2
24.6
46.8
42.6
86.8
19
54.3
6.4
54.8
50.3
61.8
10
2.4
22.7
20.4
4.9
5.2
57.1
63.7
45.9
96.8
45.7
40.6
53.2
96.3
82
97.6
55.7
53.2
49.6
4.5
59.2
80.4
38.9
91.6
45.1
32
27.3
79.2
38.4
13.4
77.6
64.3
57
30.1
95.5
7.9
58.6
25.8
33.4
89.4
49.1
10.4
75.1
23.4
72.3
27.2
61.2
99.1
33.9
64.2
25.9
4.8
35.3
65.9
48
30.3
68.4
99.1
0.3
56.9
42.3
89.6
13.6
0.9
36.2
74.3
19.5
70
18.9
17.9
4.3
35.8
94.2
84.8
47
34.6
38.1
91.4
96.5
71.1
6.2
38.6
7.4
50.5
46.3
70.4
10.3
7
15.5
53
55.3
7.5
15
73.1
24.5
84.5
5
11.9
6.6
36.4
55.3
77.4
47.1
73.2
74.8
51.2
87
39.9
49.9
10.4
35.3
68
5.4
4.4
52.3
8.9
56.4
83.5
85.1
2.3
24.1
91.2
49.3
65.2
58.1
47.8
61.7
87.7
17.9
22.1
61.6
34.9
79.9
18
63.6
85.8
88.4
66.3
90.3
26.3
42.1
77.1
2.3
27.4
84.2
68.7
88.9
91.8
71.8
89.3
69.9
26.8
75
6.6
39
93.3
62
8.2
0.4
13.1
2.9
63.2
59
15.3
63.1
17.3
86.5
40.8
29.6
42.9
68.2
49.1
61.1
17.8
7.2
23.7
46
64.4
84.1
63.4
3.8
89.4
63.1
27.5
99.4
78.3
20.4
46.2
29.1
66.3
30.8
99.8
15.2
42.4
89.1
71.8
64.1
70.4
56.7
88.4
66.2
66
24.6
38.7
65.2
76.6
60.2
84.1
21
49.8
28.4
25.1
5.9
42.2
17.6
58.2
78.8
27.2
28.8
100
50.5
98
13.9
70.1
53.1
46.2
11.9
20.6
54.1
82.9
46
62.3
39.9
76.1
9.9
93.6
48.2
61.5
56.8
49.4
59.7
16.2
74.7
53.9
67.1
53.9
47.7
55.6
91.8
37.2
76.1
75.3
75.9
43.4
25.6
6.6
72.7
40.2
3.5
76
39.4
54.9
27.4
79.3
19.4
93.4
13.8
10.4
69.1
21.2
69.5
66.9
62.8
49.9
99
24.9
88
64.8
15
93.2
67
87.6
59.9
45
43.7
60
12.4
44.4
73.2
15.5
86.2
43.5
38.6
96.8
81.7
39.4
70.5
86.7
95.4
30.9
22.4
68.5
79.3
66.8
4.9
47
93.1
81.2
81.5
9.1
42.8
74.4
60.5
60
47.5
19.6
50.7
15.9
59
85.9
81
89
44.8
4.1
81.9
36.5
97.6
2.7
9
50.4
6.7
41.3
84.1
57.1
67.7
39.6
64.2
98.7
65.2
11
18.8
8.4
8.6
39.1
25.1
68.7
75.6
38.2
12.9
50.3
27.8
86.3
42.5
56.6
87.3
83.3
88.6
42.9
64.7
89
47.9
88.4
92.6
26.6
26.1
4.6
77.9
82.2
85.6
52.1
92.8
77.4
13.5
25.2
67.6
33.7
33.5
0.2
73.8
31.1
97.5
59.1
35.7
7.2
8.1
93.6
14.6
28.3
82.6
71.9
57.4
71.3
3.8
99.9
90.6
16.3
71.8
69.3
54
4.8
94.7
10.4
23.2
11.6
84
85.9
83
64.6
39.5
20
64.6
27.3
67.6
86.3
7.3
77.4
48.1
23.9
89.8
54.3
60.9
20.4
27.8
12.6
13.5
40.2
7.9
38.3
17
73.7
47.9
94
13.9
72.2
42.7
66.4
67.8
57.6
72.5
98.2
70.1
96.2
86.3
0.3
44.9
9.6
68.5
1.7
13.8
50.8
99.4
28.5
94.5
26
82.2
5.9
64.4
66.9
67.8
12
85.8
4.2
89.2
26.5
62.4
91.6
7.3
93
84.2
71.6
61.6
53.7
95.8
76
70.1
45.3
9.4
24.2
83
44.9
22.8
79.9
22.5
32.5
27.5
13.4
88.6
3.9
17.1
86.3
63
8.5
91
87.9
92.4
8.6
40.1
2.5
19.4
10.6
41.3
76.6
76.8
40.8
67.8
78.5
70.5
79.1
83.5
89.2
62.2
8.6
73.5
19.1
54.3
99.9
8.7
1.9
62.2
42.5
59.8
37.7
25.5
67
10.9
92.8
49.4
6.9
36.7
10.3
43.9
60.1
82
31.9
29.1
98.5
34
55.7
80.9
63.3
47.9
81.5
78.8
24
7.5
2.1
82.8
55.5
98.9
44.2
79.9
64.3
0.3
32.2
10.5
94.7
5.7
51
83.4
70.9
76.2
53.4
68.7
80.5
38.6
14.3
84.3
26.1
16.2
62.1
34.4
57.9
18.8
11.4
6.4
59.2
93.5
41.6
65.7
76.2
1.3
41.2
96
25.2
73.9
37.1
12.5
50.8
0.8
58.5
95.2
10.2
49
95.9
44.2
79.1
1.4
41.3
85.6
6.1
9.4
47.3
40.3
67.7
54.4
37.4
26.7
65.2
27.6
52.9
53.3
76.2
47
50.4
73
10.8
89.3
45.2
95.4
39.3
57.1
52
47.3
40.8
49.5
50.6
44.1
38.4
26.3
41
60.8
3.9
36.1
47.2
17.2
65.5
94.8
51.5
52.4
23
49
76.7
88.8
75.7
63.3
47.1
74
66.7
52.3
28.4
16.1
55.4
70.6
9.2
26
38.7
68.8
63
4.3
31.8
4.6
35.7
38.9
45.3
15.5
46.7
83.4
76.1
92
63.2
73.9
26.8
77.7
9.9
31.5
32.1
5.4
0.8
47
21.7
72.3
84.3
0.8
46.4
26.1
94.8
79.4
63.1
71.8
4.4
37.7
31.5
62.7
11.8
33.5
62.1
17.2
79.3
96.5
15.5
86.7
69.4
66.5
77.6
0.1
21.3
10.1
55.2
47.7
38
94.4
87.8
79
36.2
38.6
27.3
43.5
14.5
56.2
56.4
50.5
94.7
88.9
30.9
15.8
43.1
12.4
46.5
7.5
34.7
83.8
98.2
31.9
61.2
29.3
59.2
83.3
12.4
46.2
99.2
46.2
33.1
49.9
37
29.2
40.1
18
11.8
31.8
91.5
59.6
44.2
93.7
86.8
2.9
45.4
91
97.4
98.2
50.4
57
81.7
88.4
36.8
38.6
40.3
23.1
15.8
68.2
56.8
31.1
86.7
68.8
17.2
47.8
24.6
76.5
23.9
67.2
4.8
11.6
59.3
31.2
65.8
40.6
5.4
17.2
58.1
74.1
53.1
67.6
32.1
79.1
37.8
99.9
58.7
60.5
49
63.2
74.5
38.9
61.1
71.9
92
26
92.8
61
12
48
71.7
30.1
39.7
85.4
45.9
83.1
59.4
80.7
85
85.5
27.3
16.1
29.5
5.5
33.4
14.7
23
47.2
42.9
56
24.2
42.2
68.9
36.7
3.4
68.6
27.1
33
26.2
86.1
20.9
98.3
16.3
50.7
87.9
98
89.8
88.8
53.9
47
78.4
54.1
79.6
26.7
63.4
51
55.8
31.8
13.5
5.4
13.6
25.9
59.4
84.4
69.4
46.7
95.2
14.1
9.5
93.8
17.5
51.3
9.8
55.2
69.6
81.8
49.3
29.3
23.8
53.1
61.4
29.7
71.1
39
62.9
81
78.7
74.5
84.1
18.3
57
12.1
39.4
29.3
96.3
21.5
52.8
80.8
19.5
70.6
71.4
1.2
91.4
69.4
66.5
20.4
99.6
76.3
38.2
94.7
91
4.9
76.9
62.5
51.2
95.5
23.6
12.8
63.4
24.1
86.3
12.8
57.8
81.8
34.1
14.3
10.1
40.1
55.9
47.7
15.5
93.6
43.1
83.2
29.6
53.8
62.4
92.3
92.8
3
21.2
21.2
75.5
88.1
25.4
29.4
32.2
78.6
52.9
44.4
0.1
55.6
67.2
27.1
45.3
37.6
63.2
64.1
93.5
4.1
98.7
83.5
24.9
54
76.6
79.7
31.3
26.3
5.3
73.2
98.8
46.5
55.8
24.9
55.7
17.1
45.1
18.3
30.2
29.4
10
33.3
4.5
33.2
7.6
0.5
5.1
2.7
6.7
73.9
80.2
62.4
84.4
44.2
38.1
69.6
91.9
66
36.4
62.9
33
8.9
85.5
61.4
98
57
66.7
68
57.8
83.8
40.3
11.6
29.3
72.4
87.3
44.9
32.4
15.4
94.9
39.6
19.8
50.9
90.9
41.2
99.4
66.6
78.2
20.3
61.1
82.9
25.7
70.6
96.6
2.4
77
71.6
25.4
80.6
68.5
47.9
14.6
84.1
83.4
28.6
90.1
96.9
99.5
63.4
88.6
34.9
28.2
3.3
25.7
91.1
87.3
98.3
90.2
30.7
63.6
86.1
47.2
52.8
13.8
34.4
76.9
23.4
99.6
17.2
60.4
94.3
1.2
88
3.5
51.3
59.4
53.1
16.2
23.5
25.9
92.7
90.7
19.2
44.4
18.9
22.8
72
48.5
22.5
9.4
43.6
22.5
9.5
58.3
86.8
62.8
0.6
14.7
68.7
59
54.1
23.8
85.1
76
57.9
95.7
67.8
40.4
4.3
30.1
81.2
22.6
14.4
59.6
1.7
61.6
80.5
0.7
36.9
64.2
33.6
69.9
32.6
31.4
2.4
31.3
61.9
45.8
39.7
34
8.7
9.5
84.7
4.4
52.3
91.2
28.1
45.6
35.9
84.8
87.1
99.1
87.4
32.8
41.4
45.5
89.7
47.3
45.1
24.2
64.2
64.7
52.6
21.4
82.5
93
69.6
40.4
59.5
99.4
6.8
18.8
64.1
8
4.2
12.6
53.5
86.1
0.1
90.8
62.2
69.3
29.4
11.8
71.8
40.4
94.4
89.4
64
1.2
92.6
2.9
97.9
74.9
85.1
89.3
44.5
65.5
62.4
35.4
3.7
54.8
34.7
82.7
6.2
90.5
23.9
57.2
88.7
40.6
30
5.7
72.9
26.8
75.2
2
99.2
16.7
71.8
84.7
9.4
18.8
42.2
91.3
86.8
30
44.5
89.8
20.2
32.9
94.3
10.5
76.9
76.9
64.2
29.7
26.3
72.1
24.5
91.9
62.6
22
58.5
17.5
98.5
46
15
1.5
69.6
50.4
3.3
85.2
53.8
81.5
36.4
65.2
22
29.1
91.8
68.4
91.9
58.5
25.3
58.7
27
24.9
13.8
39.8
42.5
16.9
2.8
14.9
99.4
38.3
27.2
67
89.4
87.8
1.5
10.5
48.5
94.4
49.6
81.2
29.4
89.3
79.9
99.1
30
89.1
49.4
7.5
55
77.5
31.5
17.4
7
21.9
86.6
83.4
23.9
91.2
25.3
46.4
50.9
15
8.9
24.6
23.2
92.1
10.7
27.2
36.9
42.2
25.9
15.8
64.8
98.3
23.9
12.3
72.4
90.7
70.7
19
15.7
34.6
35.2
92.4
11.9
55.1
9.8
83.7
59.2
40.7
51.1
81.4
65.2
88.1
84.5
74.4
74.2
24.6
57.9
95
70.6
51.5
78.6
22.8
62.5
20.5
35.7
91.8
22.8
55.6
10.3
28.7
46.9
69.9
98
41.2
49
75.9
49.1
77.6
41.1
13.3
9
29.7
95.1
11.3
12.3
53
67.3
83.7
27.8
55.4
97.7
67.1
8.6
65.3
75.2
39.8
75.2
0.2
43.6
69.4
7.3
91.7
71.7
32.9
51.2
12.6
83.9
29.7
94
54.5
5.7
82.7
90.3
75.9
58.9
2.2
58.7
10.9
77.8
62.9
98
94.8
55
28.1
24.6
12.9
6.3
42.7
72
67.8
9.2
4.8
78.6
23.2
40.7
68.5
95.5
77
71
95.7
42.2
94.6
46.6
1.7
86.1
49.8
33.6
19.1
67.8
5
0.6
88.7
38.9
67.6
14.4
37.8
13.1
48.8
55.6
48.3
25.4
0.1
75.5
29
48.9
21.6
0.9
31.1
94.1
80
99.8
70.8
45.5
30.5
23.8
48.6
50
79.3
61.4
61.3
68.3
98.4
35.2
13
13.8
3.4
60.1
86.5
68.4
85.8
96.9
71.1
96.9
70.9
64.2
73.3
43.8
68.5
50
70.2
87
58.4
25.7
69.3
64.1
8.8
1.3
81.1
82.1
83.6
66.4
61.6
89.8
67.8
77.5
13.5
55.4
53.4
87.9
28.7
62.5
73.5
7.6
35
71.3
98.5
62.5
79.3
50.5
82.3
5.6
91.4
46.3
47.4
8.5
16.1
12.3
5.4
39.8
82.3
75.1
33.8
91.8
0.7
93.2
19.8
50.6
23.7
35.8
60
29.1
89.9
98.6
44.8
8.5
59.3
72.6
99.7
85.6
82.9
33.9
34.3
42.9
79.6
74.3
3.8
50.7
76.8
5.4
79.4
50.6
14.7
61
92.5
85.5
46.6
24
20.7
21
49.3
50
17.6
3.7
6.2
64.8
61.9
1.4
72.8
71.3
89.7
91
84.2
13.1
9.1
3.5
91.6
28.7
52.4
66.7
34.5
73.7
3.8
41.7
89.4
95
97.2
84.5
77.8
28.6
20.1
59.1
28.6
32.6
11.9
66.9
0.7
73
0.9
54.2
22.6
53.7
98.1
71.7
47.1
38.5
74.8
32.9
93.7
20.5
70.1
52.4
36.5
41.2
4.1
25.1
50.5
48.4
76.7
14.2
67.1
84.6
50.7
8.9
25.7
10.8
26.7
85.8
67.9
20
67.5
15.6
19.2
99.1
83.3
85.9
99.7
91.8
29.1
96.8
70.8
23.5
24.7
46.3
40.3
24
42.7
9.6
90.7
31.5
35.1
58.7
28
77.7
82.3
88
30.2
81.3
67.7
16.5
35.8
57.1
3.9
31.3
14.5
56.2
18.1
20.1
64.4
85.7
6.2
64.8
94
80.9
29.1
45.3
98
61.9
42
0.8
28.5
54.8
97.8
67.6
61.4
71
37.2
64.3
34
33.7
62.2
50.2
3.5
13
35.9
43.7
47
89.8
50.5
79.9
20.3
10.6
23.9
3.3
6.6
51.7
48.2
58
2.4
72.8
77.2
31.4
38.3
14.1
81.7
48.9
32
59
51.4
26
85.2
27.2
28.4
36.5
3.9
1.3
18.5
76
50.2
57.5
73.4
6
71.5
65
59.6
52.3
54.2
41.7
37.8
5.3
56.6
89.2
13.9
31.1
96.8
5.6
78.8
22.5
22.3
44
44.2
64.9
80.5
83.5
36.9
44.2
87.3
66.9
97.5
17.7
13.8
63.4
24.2
74.6
1.9
1.6
97.5
25.3
84.7
95.7
52.5
96.7
58.2
14.5
24.1
33.5
29.7
87.7
2.8
20.6
1.9
29.2
64.2
46.6
19.2
47.2
26
70.1
21.8
1.7
94.4
62.5
6.5
50.6
15.8
50.3
66.7
27.6
4.7
63.3
79
4.7
14.6
0.4
15.3
90.2
32.7
15.4
18.5
65
35.1
40.6
34.7
2.6
97.1
33.7
79.6
79.4
32.4
53.3
85.7
89.7
21.1
77.7
69.3
55.1
29.1
79.6
85.3
35.1
31.6
3.7
36.2
76.1
98.5
73
53.5
5.1
8.3
80.7
93.7
58.5
79.1
61.8
18.3
6.7
11.7
38.9
42.6
10.2
61.1
45.1
98.3
62.2
19.4
3.9
75.5
59.4
89.6
28.1
63.9
16.8
42.1
34.6
88.4
86.6
69.7
83.4
39.1
63.3
19
84
18.4
81.8
13
75.4
68
61.4
60.1
25.3
14.6
86.2
15.2
31.9
96.4
81.4
90.8
55.5
47.7
61.8
21.2
43
26.5
96.7
53.2
94.3
69.9
52.3
15.6
58.8
25.8
15.9
46.5
76.3
51.1
94.7
6.6
38.1
16.6
94.7
54.1
29.8
4.3
46.5
19.5
58.5
27.1
71.6
20.1
20.7
10.7
30.3
69.7
83.4
61.2
6.8
41.6
64.6
17.6
35.5
44.9
92
8
98.9
32.2
59.3
59.8
19.8
51
65.3
7.2
65.9
12.3
86
99.8
100
90
12.1
32.1
3.7
98.5
91.3
91.6
95.4
48.6
74.2
20
56.8
20.9
84.5
17
68.2
88
10.9
20.8
26
70.7
85
7.6
2.7
12.5
60.8
77.5
88.5
12.9
54.7
14.6
48.2
71.5
15
16.9
33.9
30.8
79.4
50.5
10.6
69.8
21.8
95.6
64.2
34.4
13.4
9.8
68
73.7
55.6
63.4
95.5
93.1
25.3
90.5
28
48.9
87.1
75.5
7.3
17.7
70.2
41.6
8.7
23.2
48.1
97.6
26.1
51.5
93.9
65.8
99.1
43.9
98.2
44.8
24.3
61.9
7.1
63.2
6.2
22
78.2
99.1
83.4
67.3
56.4
30.3
50.3
92.9
72.2
89.9
44.8
94.6
40.7
22.3
68.7
79.5
57.8
84.5
68.4
54.8
24.1
48.6
46.5
72.4
33.8
65.4
16.9
13.1
25.6
46.7
85.9
51.3
65.7
31.9
20.2
14.3
27.7
50.7
70.3
68.5
2.4
27.1
31.3
25.1
47.6
31.2
85.1
19.6
48.9
52.1
10.2
18.4
79.9
89.3
84.9
78.5
24.6
18.8
46.3
34.4
25.9
86
87.2
1.7
17.3
83.3
44.2
68.4
8.9
1.6
97.7
51.7
29.9
4
28.4
20.6
99.8
14.7
77
67.6
91.8
38.8
2.1
3.1
44.3
73.6
39
37.4
48.1
7.4
77.8
78.7
38.2
78.6
52.3
34.6
98
8.6
71.4
93.6
73.6
88.4
18.7
9.7
64.9
8.6
75.3
52.2
26.1
98.3
63.7
68.9
92
23.7
79.3
6.6
27.9
19.9
49.7
38.7
1.2
97.7
54.8
12.2
20.3
24.6
70.3
56.5
54
57.3
25.8
37.1
92.1
65.5
36
8.1
29.9
39.2
96.1
51.1
59.2
86.8
3.4
67.6
13.7
50
77.6
79.1
37.7
25.7
27.3
70.4
8.7
96.8
51.6
54.3
49.6
56.7
45.7
18.7
43.8
19.9
62.7
36.5
8.6
66.6
90.9
34.1
36.1
81.5
15.5
1.3
75.3
33.9
70.7
52.6
63.1
25
18
8
31.4
83.9
51.8
42.2
14.6
99.2
97
84
30.9
56.6
76.3
47.4
68.2
97.1
14.8
5.4
70.9
50.9
71.6
43
6.7
69
66.4
77.2
54.2
26
63.2
57.3
51.5
96.7
98.9
17.1
16.9
20
65.6
85.1
44.5
93.7
27.9
40.7
42.8
31.4
52.4
37.2
32.8
7.4
46.2
17.4
93.5
10.3
58.8
41.8
46.4
15.4
12.7
59.6
49.6
21.4
40.7
37.1
86
30.6
49.7
83.4
22.4
85.3
88
52
12.7
79.4
58.6
46.6
37.2
44.5
10.8
27.2
8.8
10
52
59.7
71.6
55.3
49.3
75.4
25.8
59.1
96
35.8
88.7
81
86.6
68.7
2
26
31.4
43.6
2.9
10.2
46.9
87
45.7
73.2
57.9
7.5
39.6
84.4
27.5
31.7
2.5
51.2
58.6
72.3
97.2
5.8
9.6
17.5
3.9
18.4
65.9
29.6
72.3
98.4
23.2
50.4
23.3
30.1
59.1
48.1
40.9
50.6
70.3
85.9
81.9
55.8
56.2
12.1
2.9
65.7
71.4
33.3
9.3
18.3
46.8
32.1
35.9
7.5
98.8
9.5
98.4
36.5
26.5
71.5
74.7
39.1
42.6
25.6
16.4
46.8
79.3
23.2
62
88.1
71.9
12.9
94.9
72.1
8
9.2
76.7
58.8
80.9
12.7
82.6
16
51.9
22.1
3.6
31.5
45.7
14.8
15.7
13.5
36.1
75.2
20.9
47.9
29.5
59
52.5
97.7
69.5
9.1
19
37.3
42
30.2
70.3
84.5
52.4
54
61
82.8
63.8
18.7
41.7
82.8
17
62.4
90
51.5
41.6
64.5
43.7
67
37.9
67.7
85.9
95.3
84.7
13.8
91.6
98.9
61.7
28.9
38.3
7.5
33.4
91.6
5.7
65.7
6.3
61.7
52.5
13
44.3
98.5
87.3
5
39.7
2.7
58.3
20.3
77.6
41.7
66.6
55.3
76
75.6
41.8
84.5
55.5
44.4
82.5
100
42.3
12.2
73.4
41.4
91.8
79.4
87.4
6.1
17.6
7.5
98.6
50.2
62.3
20.9
39.6
2.7
72.1
29.2
98.9
93
7.3
97.8
19.4
0.9
25.5
92.3
87.7
13.8
81.7
80.4
9.1
91.3
29
25.4
98
30
32.3
90.3
60.3
37
65.5
73
73.5
43.9
27.5
22.7
46.4
13.5
97.3
34.9
45.4
50.4
30.8
51.9
33.4
43.8
69.6
18
66.2
14.5
66
96.2
90.8
57.7
47.3
64.6
59.3
97.3
62.9
19.7
81.2
53.6
83.6
23
71.7
53.3
95.7
15.9
75
62.1
29.7
72.5
12.1
52.7
40.7
98.4
44.6
57.5
69.2
58.9
53.9
66.5
10.5
87.8
35.4
94.3
0.5
62.4
85.3
62.6
61.2
84.3
72.5
15
13.6
59.1
14.7
32.9
85.6
80.5
74.2
91
38.2
78
10.3
8.4
69.3
53.3
31.3
10
16.2
4.8
40.6
29.1
57
96
62.9
14
22.9
58.1
47.2
77.9
44.1
45.7
14.9
44.5
74.6
12.6
21.1
69.9
61.7
18.1
81.6
6.5
22.7
47.3
48
59.4
48.3
0.6
53.7
33.4
10.6
58.8
73.3
63.9
16.6
6.5
51.9
40
3.3
50.9
89.7
43.9
97.9
63.9
24.6
6
17
74.5
36.3
77
5
51.9
46.8
55.9
14.4
6.2
60.4
19.1
18.7
22.7
60.4
0.5
30.1
76.9
42.4
34.8
39.7
56.7
23.1
66.6
15.3
0.1
61.8
17.4
78.7
66.9
59.8
58
22.5
72.9
26.1
15.9
42.6
26.8
31.3
73.5
45.3
17
56.3
57.1
21.2
23.6
89.1
71.2
6.5
75.1
96.1
54.6
76.8
75.5
78.8
21.8
56.6
94.3
8.9
27.4
81.6
58
83.8
38.9
27
88.7
83.1
81
64.1
32.2
32
88.2
62.7
2.1
41.2
45.5
89.4
98.5
35.8
100
33.7
83
95.1
45.8
40.6
36.6
33.5
5
9.5
59.3
27.1
12
1.8
31.4
25.4
11.8
97.8
16.1
50.6
15.4
59.2
56.3
57.7
85.5
7.3
13.5
1.7
5.1
19.4
94.6
85.3
74.8
52.2
6.2
34.5
26
36.7
88.6
44
71.9
10.8
26.9
55.5
5.1
43.3
80
2.1
73.6
9.9
79.3
91.7
18.3
3
31.7
6
75.9
58.4
40
13.6
35.8
7.1
27.2
34.3
78.1
87.8
40.7
29.6
68.7
40.4
25.3
71.9
3.6
28.6
42.9
67.9
96.1
10.2
95
36.5
38.6
62.7
15.8
73.8
84.2
93.9
59.4
9.7
3.4
49.4
76.9
87.4
93.6
11
9.7
38.2
56.2
74
58.5
92.4
50
73.2
85
44.3
60.7
85.1
28.8
4.1
77
22.4
58.9
46.8
8.4
40.1
15.9
60.7
93.9
46.4
92.1
36.7
75.9
68.6
2.4
23
29.9
35.7
47.1
17.6
19.7
68.4
98.9
62
94.7
19.1
27.6
47
52
34.2
19.8
54.6
65.5
15.9
5.9
79.5
79.2
34.2
83.8
90.1
23.3
67.6
73.7
43.9
95.9
58.1
8.6
1.4
28.5
25.4
72.8
28.6
42.7
67.1
53.7
28.2
37.1
55
34.9
7.8
20
83.6
57.4
13.8
35.2
73.2
61.8
23.4
57.2
37.7
53
73.2
4.5
34.3
46.8
0.1
52.9
91.7
63.5
100
75.8
24.1
58.2
62.4
94.2
13.2
75
54
30
57.6
10
36.4
24.6
72.7
20.2
42.5
8.4
39
73.6
2.5
89.6
74.6
17.1
48.4
71.8
39.3
75.3
32.5
77.4
74.1
25.6
46.9
7.1
84.4
3.1
75.7
76.6
11.5
98.1
45.9
35.9
12.5
0.9
31.2
66.8
71.8
92.9
59.1
10
58.1
87.1
99.1
41.3
0.1
6.5
27.6
8.5
68.3
91.2
10.7
86.9
64.5
82.7
43.7
36.7
59.3
98.9
83.9
86.6
21.3
94.8
44.7
66
5.3
77.2
25.7
11.1
5.8
66.7
25.1
67.1
14.6
92.6
14.9
87.5
77.5
4.4
43
53.7
76.4
1.7
85.9
93.5
30.2
6.2
65.6
81.6
17.5
58.3
14
8.3
2.5
90.1
57.6
33.8
37.7
30.1
42.5
86.5
53.8
69.6
52.6
63
85.2
78.9
79.5
74.5
70.7
7.6
7.2
49.1
88.5
82
98
19.6
15.9
80.8
84.6
37.5
43.9
15.7
82.1
43.3
76.7
22.3
95.8
55.4
27.2
95.6
39
62.6
3
12.9
4
52.8
39.5
49.1
64.9
5.5
51.8
19.3
53.1
61.9
14.9
5.7
99.1
28.3
74.4
44
30.2
49.4
92.8
27
39.4
3.4
43.2
59.3
13.6
2.7
84.3
8.1
61.7
96.2
71.8
90.8
92.1
24.6
16.7
12.2
78.3
78.3
0.7
49.2
87.1
61.6
19.6
14.4
76.4
77.2
59.3
93.6
21.8
41.3
88.2
46.8
72.2
95.3
32.3
82.9
23.1
43
42.5
70
15.4
15.2
79.5
4.2
26.5
38.4
72.1
14.5
38.9
7.8
21.4
20.3
65.9
20.3
75.4
25
5.9
57.6
9.1
63.9
82.4
39.6
70.2
20.6
55.9
12.4
28.8
4.2
2.7
53.1
21
82.1
93.6
4.4
53.2
67.5
90.3
10.1
7.2
77.6
1
43.1
79.5
62.3
73.7
89.1
1.6
45.3
75.5
78.3
93.4
18.9
85.6
96.1
94.6
92.4
54.3
66
48.8
94.4
34.8
58.5
39
66.9
78.9
19.9
28.1
48
70.8
81.4
86.1
44.8
84.7
27.2
18.3
34.5
14.3
44.9
63.7
35.4
55
88.9
82.4
82.6
25.2
19.1
64
4.7
36.3
77.6
62.5
7.9
98.6
10.4
78.2
37.8
35.1
4.9
17.1
49.5
21.7
73
72.7
3.9
91.6
67.3
35.3
86.3
42.2
66.8
12.9
46.6
33
26
8.3
39
98.7
42
73.6
14.1
66.7
63.3
48.6
82.3
0.4
16.2
89.7
14.2
15.1
43.3
87.3
36.2
77.1
31.4
16.6
64.6
12.1
81.1
12.9
97.1
62.2
59.7
0.5
51.5
80
21.1
27
55.3
23.6
47.2
34.5
83.1
38.3
26.2
39.6
15.2
66.7
8.4
71.1
75.9
37.3
29.6
90.7
1.5
45.3
28.5
90.6
81.3
2.2
34.2
57.6
29.1
52.6
61.2
16.8
98.3
78.4
38.8
79.4
5.1
68
26.9
27.5
88.5
63
33.6
46.1
10.6
51.2
99.3
82.5
55.1
1.7
6.1
80.2
76
31
92.4
6.8
30.1
22.6
25.7
14.1
4.9
65.6
80.8
45
49.2
76.1
38.3
83.7
22
27.1
68
72.6
52
81
70.2
63.2
32.5
80.8
72.6
30.2
28.4
97
48.9
16.5
96.4
12.5
53.5
77.1
85.2
99.8
72.5
51.2
6.8
26.6
84.1
38
95.6
2.9
66.2
43.3
22.8
16.1
14
66.7
23.8
4.9
84.9
40.5
4.9
56.6
22.2
13.4
17.6
24.2
51.5
14.8
36.3
95.5
67.7
45.5
65.9
72.2
78.5
68.9
46.7
11.7
85.7
18.1
43
53.8
63
39
84.4
0.5
10.2
38.5
92.1
98.8
13.7
5.3
58.3
52.9
36.7
47.3
19.4
95.9
18
98.4
98.8
82.4
39.8
9.7
59.5
90.2
65.4
52.1
50.4
47.3
2.1
93.3
95.4
82.5
3.4
5.8
66.6
73.3
28.1
16.8
96.7
69.1
86.9
92.7
82.9
48
14.5
70.4
45
83.4
0.4
91.1
24.1
2.8
61.1
52.8
28.3
39.4
18.8
86.4
96.2
56.6
60
25.2
31.9
8.2
55.9
10.4
35.9
23.9
17.9
46.5
45.8
57.3
22.2
92.3
75.7
86.8
26.1
29.9
34.4
23.5
84.2
2
35.3
6.3
41.2
81.2
79.4
40.6
88.2
65.2
76.1
89.9
27.2
84.3
69.5
8.5
53.6
50.1
95.6
15.6
32.4
65.1
68.9
94
1.1
1.8
93.3
94.9
21.1
49.6
42
64.9
19
17.2
85.2
69.6
22.4
63.8
65
80.1
40.8
13.5
88.5
17.8
81.3
64.2
30.5
49.7
16.3
53.8
55.2
85.2
73.3
56.6
93.9
44.6
22.9
19.5
52.7
17.9
74.6
92.9
20.6
15
25.8
31.3
40.2
20
72.8
69.3
35.4
79.6
54.3
56.8
15
37.7
25.6
74.3
74.9
10.4
81.6
4.8
7.4
96.6
75
13.8
17
33.2
97.1
5.4
76.9
5.3
17.9
15.7
98.2
69.6
58.7
93
73.2
27.9
86
75.3
9
95.9
23.9
5.5
97.3
20.9
65.7
17.2
14.8
50.4
51.2
17.5
82
10.8
20.6
60
78.9
26.2
4.6
43.6
49.3
73.3
7.7
66.8
40.4
36.8
90
5.5
16.8
21.3
11.5
13
79.4
97.8
85.5
1.3
83.2
89
32.7
64.8
30
49
67.5
83.7
61.3
38.8
95.8
50.4
49.2
48.3
83
2.8
36.2
95.3
49.7
64.7
18.4
59.8
55.5
3.3
10.3
94.6
47.7
22.5
8.2
19.6
62.4
63.3
34.4
60.3
37
28.3
99
43.8
60
3.6
18
65.5
65.3
40
35.1
13.3
94.6
29.4
87.2
65
59.1
20.5
17.8
70.6
32
75.1
52.9
22.9
72.3
66.9
78.6
77.5
18.5
65.2
88.5
3.8
91.6
19
68.2
7.5
76
85.1
54.7
26.1
42.8
23.4
42.2
16.2
81.9
54.7
35.1
26.4
46.2
84.7
45.9
59.5
37.2
94.6
50.3
24.7
42.1
25.5
95.4
76.1
58.7
42
73.6
61.7
11.4
33.6
59.3
1.9
26.6
37.1
33.7
52.6
74.7
64.5
51.3
48.3
81.6
10.6
72.7
20.2
77.4
30.7
8.1
59.4
99.1
59.2
21.5
22.4
85.8
70.1
85
32.3
28.6
76.3
70.3
26.9
37.5
15.3
84.9
23.6
63.9
76.3
23.8
27.3
79.3
20.1
34.4
52
48.2
37.1
99.2
14.6
98.5
71.5
8.6
8
40
28.3
38.7
12
65.1
19.4
18.6
51.7
60.9
88.9
50
42.6
89.7
77
33.2
81.5
50.3
97.1
53.8
59.9
7.8
39.9
85.2
88.9
46.4
5.4
50.6
74.2
26.8
66.3
65.6
8.2
69.6
61.9
87.3
9.5
67.1
53.9
12.2
44.6
52.4
24.4
36.6
71.9
13.6
93.8
60
50
19.3
55.5
12.5
3.2
6.7
43
72.3
55.7
81.9
87.6
69.3
91.1
36.2
13.3
72.9
52.3
15
27.8
82.7
34.9
27.9
77.8
33.9
17.6
94.5
12.6
14
82.2
34.1
64.1
96.7
8.2
14.9
54.8
95.2
90.8
55.2
11.1
55.8
7.8
1
40.4
57.7
54.1
2.4
57.5
45.5
37
90.7
48.6
100
4.9
93.1
57.4
65.9
81.7
88.5
37.4
3.2
60.5
78.4
79.2
42.3
1.1
98.8
36.5
56.9
99.5
58
2.4
71
65.8
14.2
28.6
47.8
2.4
27.3
82.9
43.6
55
51.8
1
74.4
86.8
26.6
59.1
89.2
37
53.9
60.5
77.7
21.3
99.2
69.4
41
62.1
19.8
66.3
12.9
10.1
76
84.3
44.1
9
49.5
64.3
62.1
48.7
14.7
96.5
48.7
27.2
94.4
46.7
47.5
44.6
78.9
35
82.8
95.5
50.5
28.2
24.7
75.8
28.6
11.5
35.1
83.3
67.4
94.4
31.3
23.3
88.4
24
76.9
59
68.4
21
98.8
79.6
24.6
91.3
64
93.6
24.9
48
20.8
23.1
95.5
60.2
94.1
4.4
71.9
41.3
37.8
62.4
47.3
98.4
88.6
68.7
72.1
25.8
70.3
44
60.7
27.7
92.5
65.3
3.8
3.6
70
31.7
89.1
36.8
60.7
22.2
97.6
52.1
79.3
56.6
54.8
25.9
68.5
53.2
83
78.3
70.6
16.3
69
92.4
87.1
34.3
28.3
19.7
18.1
97
7.3
71.6
5.2
73.7
75.6
17.5
47.8
15.5
73
88.3
85.2
77
23.8
30.2
67.7
60.5
7.4
16.2
19.8
59.6
12.6
48.6
6.3
23
56.1
71.9
7.4
8
71
66.3
22.5
57.5
68.3
47.6
81.6
34.4
44.7
53.3
56.9
68.5
36.2
47.3
28.7
26.7
9
15.2
60.5
23.4
59.5
7.7
59.9
60.5
53.4
46.9
18.5
41.8
96.5
61.7
1.5
6.7
99.7
87.4
14.9
51.1
39.7
94.2
79.2
86.7
59
2.1
35.6
94.9
25.2
8.2
27.2
82.6
22.9
17.4
45.5
31
43.1
23.9
99.2
74
85.4
44.9
56.8
5.5
87.8
49.1
19.8
5.7
77.4
59
86.3
53.7
43
88.9
54
58.6
84.2
16.8
52.1
56.1
4.8
58.2
38.3
60.7
99
78.5
40.4
96.1
46.3
73.3
39.3
84.4
6.4
92.4
61.2
74.1
69.3
44.4
27.1
92
85
11.3
57.7
84.6
48.7
55.7
60.4
36.5
49.9
50.9
87.9
33.9
72.4
0.6
41.2
19.4
11.8
94.4
22.8
51.5
29.1
41.7
80.2
34
54.5
23.7
1.3
27.5
43.4
74.1
40.2
18.4
13.6
82.9
63.4
43.8
13.5
57.8
67.2
72.3
26.4
66
54.1
36.9
28.3
84.9
36.7
29.1
22.8
45.9
7.2
10.7
30.6
0.2
43.5
77.1
55.6
50.8
30
73.1
7.6
80.4
44
19.5
48.9
66.5
67.4
4.9
35.9
28.1
48.8
76.5
71.4
1.4
45.3
17.1
97.9
76.7
70.5
41.7
65
37.8
83.8
53.8
46
43.3
95.6
10.6
52.7
93.8
36.7
91.5
15.6
29.1
44.7
18.3
63.6
9.4
93.7
84.7
23.9
45.7
40.4
71.5
60
4.2
92.6
7.5
32.5
34.5
86.4
75
27.7
59.8
33.5
64.8
42.7
4.4
24.5
59.3
76.2
27
17.6
14
69.7
48.2
47.2
26.9
71.4
66.7
3.1
80.7
11
29.1
6
68.5
54.7
76
10.4
60.7
39.2
9.4
19.7
58.4
95.1
55.8
43.6
1.3
66.8
87
16.6
90.4
97.4
79.2
51.7
15
51.6
11.9
24.4
38.9
49.8
71.2
9.2
87.5
56.4
12.6
0.8
37.1
12.2
72.8
65.9
33.7
27.6
22.2
57.7
80
92
24.2
61.2
71.3
21
63.6
26.4
83.1
51.5
33.7
78.4
3.3
98.9
34
70.6
67.1
94.1
86.9
39.2
72.9
98.6
53.8
32.1
12.5
99.8
35.5
70.4
49.5
56.3
86.6
55.5
70.1
30.3
71.5
63
79.5
2.7
46.4
52.9
74.9
68
35.2
20
0.4
44.3
28.1
1.7
29.1
9.9
85.9
73.1
55.4
55.2
26.3
44.5
65
48.6
5.6
57.3
89
85.9
55.3
13
64.1
86.1
4.7
62.8
4.5
42.3
93.7
47.4
15.5
33.4
75.7
5.2
39.2
53.5
93.2
32.3
8
20.3
17.7
58.1
27
38.9
43
88.6
0.3
61.1
32.8
27.5
76.1
10
4.3
5.6
39.4
6.6
92.9
57.3
28.5
72.7
79.9
52.4
20.2
58.8
8.9
99.8
65.3
17.6
75.1
67.9
45.6
89.4
63.1
40.7
53.2
49
16.6
52.2
12.8
96.5
44.1
11.4
39
71.1
48.9
76.4
32.1
18.9
82.2
26.5
0.4
75.5
72.3
31.7
85.5
58.7
42.6
52.5
81.9
30.3
12.1
66
48.9
68.3
34.2
57.5
50.1
56.7
22.3
75.5
55.3
85.1
51.7
22.7
48.7
60.3
73.8
90.2
90.2
75
96.8
10.3
26.6
88.2
84.4
71.1
50.9
49
85.9
18.5
12.2
10.7
58.7
98.8
37.2
49.1
97.3
51.9
7.4
35.4
28.2
66.3
99.7
21.4
45.2
11.6
80.5
78.6
33.4
56.5
50.5
83.8
45.4
78.5
33.4
97.3
92.2
54.5
37.1
25.8
8.9
13
29.8
34.1
92.4
90.2
34.4
87.7
73.2
50.1
64.9
61.4
25.4
31.2
69.4
33.3
45.2
81.5
60
21.7
21.3
83.5
85
25.3
91.3
14.2
21
45.1
18.1
57
53.6
56.3
36.6
11.2
81.8
1.2
76.4
32.2
60.7
34.6
44.4
85.1
59.4
66.5
44.3
44.5
83.4
73.7
50.3
2.6
56
95.4
0.8
0.7
54.4
13
75.2
7.1
39.6
22.9
54.2
6
22.1
71.6
94.5
17.9
65.9
38.5
73.9
38.4
63.9
73.8
63.6
3.1
78.3
31.6
8.1
2.2
42.6
75.3
20.5
44.7
41.3
0.5
4.6
82.6
24.5
55
99.5
53
13.3
1
31.7
43
76.2
13.4
93.1
74.7
53.3
28.4
87.4
44
88.1
83.6
98.8
57.1
59
63
56.1
52.2
59.8
19
16.4
44.5
62.2
70.6
81.6
71.4
33.5
100
13.8
61.6
16.5
5.9
51.2
38.4
84.7
94.4
73.8
83.2
65.6
25.2
35.2
29.1
5.3
29.6
42.1
6.2
36.1
76.8
27.4
3.5
13.4
19.2
30.2
37.9
38.8
88
50.1
61.6
71
7.3
6.2
95.3
97.1
82.4
6.5
53.8
5.1
61.1
79.2
97.9
44.4
16.2
82.2
71.9
29.9
18.4
93.4
69.6
71
7.3
46.9
70.4
86.5
84.6
85
5.1
64.7
14.3
44.5
15.6
46
76.9
88.6
30.2
76.9
84.8
60.7
18.8
53.6
31
36.5
63.4
35.2
14.1
62.6
72.5
34.7
20.1
83.9
3.2
22.2
21.8
62.5
58.5
81.6
34.5
35.3
2
7.1
36.8
92
17.5
48.8
3.1
34.6
71.7
4.5
70
16.3
68.6
11.6
32.2
50.3
54.2
80.5
57.4
73.4
45.3
81.2
23
22.5
16
98.4
66.6
84.6
95.1
82.7
59.2
89.8
21.4
37.2
98.7
66.3
19.1
58.5
90.7
41.9
62.3
72
66.7
21.9
99.2
96
56.7
10.4
28
49.9
86.8
34.6
10.4
43.1
2.1
2.6
53.5
82.2
83.4
23.6
28.8
39.4
82.8
34.9
62.5
69.3
91.9
80.1
24.5
43.2
8.7
69.6
50.9
75.4
59.8
19.3
12.2
82
90.8
7.2
2.3
56.2
99.2
5.3
25.2
52.4
96.6
95.7
98.1
6.2
46.6
52.4
30.1
82.9
23.6
95.4
61.3
68.3
87.7
15.8
29
29.3
20
77.7
46.2
84.3
13.2
66.1
70.1
63.9
8.1
62.1
54.6
93
16.9
14.2
76.3
83.5
63.4
27.1
8.3
0.1
56.1
36.5
14.2
10
33.7
66.6
83.4
3
82.8
25.5
2.9
32
98.5
11.1
16.9
41.8
39.8
12.6
40.7
41.1
46.4
4.9
69.1
97
34.5
60
64.4
15.6
46.5
53.8
55.9
20.7
91.2
41.5
94.8
29.4
13
58.8
8.1
8.6
76.5
23.5
7.7
1.6
11.9
38.5
84.8
64.9
54.8
55.6
83.3
78.2
83.8
42.8
89.7
86
32.5
80
65.4
70.2
84.2
40.5
73
21.6
56.6
65.1
53.3
8.4
72
29.7
44
77.9
23.9
24.2
80.4
0.7
62.1
67.1
85
20.6
52.5
7.9
78.8
98.5
63
14
89.9
97.4
63.9
81.6
0.3
4.2
48.6
6.4
21.2
6.7
82.8
58.4
93.1
56.6
8.3
98.3
83.2
23.6
29.1
81.3
25.7
80.3
44.9
51.4
12.7
49.8
6.5
21.6
29.4
90.8
43.8
41.9
33.9
42.5
7.1
18.4
34.6
32.9
6
48.4
22.2
53.8
56.1
35
92.4
88.4
90.6
84.8
31.4
78.7
98.5
41
23.5
50.1
97.1
84
15.8
66.9
85.7
48.6
59.3
2.3
73.4
73.6
38.4
82.8
50
6.2
9.1
13.6
10.1
48
57.4
90.7
88.6
24.6
21
83.7
98.2
94
70
10.2
40.8
19.6
22
8.5
42.8
35.6
56.1
13.4
45.3
80.1
60.4
68.9
39.9
87.6
57
30.5
99.1
84.4
55.8
85.8
32
87.6
15
19.1
94.7
79.9
46.8
34.7
51
8.1
48
98.2
20.8
72
13.9
42.6
70
77.1
1.5
51.1
35.6
23.3
76.6
61.9
72.1
23.8
26.5
71
70.4
54.5
5.1
54.2
30.2
34.5
42.8
14.2
91.1
69.7
82.5
68.4
9.9
64.1
13.2
57.1
75.5
53.6
90.4
44.6
61
41.5
3.3
91.8
63.1
31.9
43.3
41.4
9.1
46.2
13.3
63.6
51.8
64.6
32.2
81.9
80.6
33.4
72.2
24.7
97.1
78.9
39.5
0.9
22.8
83.6
57.8
67.6
20.6
5.1
64.3
25.5
31.9
39.1
72.5
98
36.6
75.5
17.2
2.3
84.5
26.8
51
41.1
87.3
55.3
87.5
97.8
69.8
37.1
94.2
26.8
34.2
61.8
96.9
6.6
32.2
65.6
72.8
91.5
28.4
13.8
93.3
55
16.3
88.3
3.6
59.3
13.6
93.1
53.5
52.1
72.9
68.9
72.5
63.5
23.4
60.4
12.6
12.3
78.3
76.1
6.6
93.1
26.5
42.4
32.3
48.7
90.9
63.9
63.2
56.6
42.7
36.3
56.4
37.9
42
85.2
74.2
31.6
7.7
16.9
52.2
9.9
58.8
53.2
24
34
55.3
83.1
47.5
78.2
74.3
11.9
90.1
70.1
23.5
60.7
68.1
79.1
92.4
40
16.9
48.6
63.5
45.6
54.5
44.5
70.9
80.1
22
51.9
35
94.8
58.1
30
44.9
68.5
12
13.3
34.1
88.9
77.1
29.8
43.4
14.1
62.3
54.6
54.1
72.8
25.1
8.3
24.8
10
5.1
73.1
39.7
30.5
33.2
80.6
5.2
8.3
14
76.8
37.1
67.7
14.4
55.7
97.4
11.7
95.8
28.7
36.7
43.4
84.4
67.3
81.5
29.9
47.2
93.8
26.2
81
92.1
58.7
32.8
44.2
5.4
32.4
52.9
49.2
59.8
10
88.2
82.4
31.1
67.2
57.9
99.4
9.1
65.4
23.5
26.7
24.8
11.4
42.3
74.6
97.5
48.9
2.3
37.8
52
8.4
96.7
80.6
79.5
64.7
32.5
44.2
9
9.9
79.8
6.7
46.1
39.2
57.4
46.6
60.6
80.7
43.9
39.7
51.9
26.3
94.5
72.7
1.6
89.4
32.4
57
12.5
21.9
37
47.3
67.1
16.2
1.6
82.6
73
49.5
3.8
19.6
83.1
55
30.1
70.2
79.5
56.2
30.4
99.3
96
94.9
20.7
61.4
97
64
45.6
56.2
65.2
41.1
67.8
57.7
54
22.3
50.3
22.5
19.7
85
2.4
91.3
72.4
71.5
37.2
80.9
62.1
98.2
15.7
29.9
15
14.6
49.8
46.7
44.4
44.9
39.3
53.2
20.5
69.6
29.5
45.1
15
95.2
58.2
59.9
84.6
67.6
24.6
58.5
43.4
10.1
40
56.8
29.8
1
94.2
23.2
10
89.9
97.5
38.8
76
26.3
14.6
73
66
32.5
76.8
96.7
96.9
92.8
9.5
85
79.7
54.3
92.4
39.7
41.8
41.2
36.9
4.9
78.2
83.4
57.5
68.9
88.5
66.9
46.9
42.6
20.5
84.5
92.2
96.1
91.2
92.3
95.2
70.1
34.3
63.1
42.6
43.1
45.2
72.1
19.9
52.8
48.1
40.6
38.3
42.6
61.5
61.3
20.5
19.3
1
93.9
0.6
86.7
66.7
17.2
8.1
96.5
54.2
2.7
88.7
93.6
73.4
25.2
72.5
7.7
29.3
16
95.2
59.7
52.8
80.8
28.8
2.8
92.1
80.6
12.8
83.8
71.1
58.4
80.4
13.8
48.4
34.2
63.6
62.2
27.8
27.9
8.1
43.5
71.2
23
85.4
93.1
40.9
73.1
44.9
63.3
14.2
67.1
41.7
6.4
81.9
81.6
98.5
51
97.5
74.2
88.6
40.9
96.1
74.9
8.6
77.9
10.2
17.2
50.6
40.2
79.7
17.3
11
73.2
98.8
67.1
52.6
18.5
80.3
72.8
74.7
68.9
35.3
19.8
99
89.6
39.9
95.2
1.9
37.4
25.8
72
87.4
91.6
6.9
88.4
61.1
86
12.6
59.7
84
58.4
51.9
16
51.9
6.2
16.8
60.4
16.7
93.9
22.7
19.4
88.3
87.7
76.1
73.9
55.8
78.1
55.5
7.9
6.2
86.9
52.2
67.4
9.9
75.8
25.9
42
34.6
90.2
19
21.7
95.7
24
72.6
12.6
53.3
17.9
42.2
71.7
76.3
28.8
20.9
73.9
53.1
60.6
49.1
80
57
40.8
25.4
41.4
65.7
78.6
58.4
34.9
59.4
80
36.3
60.7
66.7
73.6
22
67.2
66.5
60
60.9
84.8
1.5
91.5
21.3
50.8
62.3
32.8
49.3
32.1
100
89.9
27.2
38.7
19.3
55.3
21.8
52.5
98.9
69.4
9
68.9
41.5
29.7
26.9
34.7
35.9
73.8
74.6
56.9
79.8
82.6
64.8
22.2
23.8
64.4
90.8
67.1
55
54.7
4
25.3
1.3
2.1
43.2
47.7
69.2
52.6
84.6
10
41.7
77.5
5.7
67.8
87.3
73.7
0.9
89.7
31
13.3
35.9
78.9
74.5
0.5
93.1
72.8
65
52
86.9
17.5
90.2
36.2
25.6
96.7
92.8
31.4
36.3
78.1
81.9
72.9
29
71.4
94.2
22.4
79.7
73.2
84.1
23.2
13.6
63.3
58.3
38.3
25.1
64.5
85.3
45.8
60.2
26.9
3.4
77.4
89.5
42
52.7
88.4
53.4
78.3
51.3
43.7
82.6
5.3
81.3
2.5
84.6
29.7
20.3
77.4
75.9
30.6
67.8
35.9
11.2
28.2
65.1
57.1
98.1
25.4
32.8
36
71.7
79.8
11.9
71.9
77.8
38.2
6.6
15.3
71.4
37.2
17.7
58.7
87.5
24.3
24.2
51
9.8
66.3
24.9
24.3
14.9
59.3
53.7
62.1
61.8
23
62.5
78.2
63.9
70.7
56.2
35.1
54.8
45.9
4
90.6
98.2
46.9
41.5
60.2
31.7
29.5
96.8
4.6
16.8
4
16.4
60.1
77.5
44.5
100
52.6
8.1
21.8
82.5
45
8.7
67.5
25.8
18.6
21.6
5.9
27.6
23.1
58.3
21.2
3.8
27.1
96.3
59.2
2.9
66.2
61.3
69.7
87.7
10.1
95.9
17.2
19.2
24.9
12.3
69.9
55.1
75.9
72.9
14.6
74.3
43.9
86.1
47.4
47.8
49.4
69.6
40.5
21.4
3.3
52.6
90.5
29.6
22.2
84.9
16.9
8.5
62.1
9.2
83.9
23.3
12
33.8
56.7
43.3
26.3
53.5
83.2
63.8
69.5
10.3
1.2
51.5
64.3
27
83.5
54.8
73.1
50.4
4.2
60.7
41.2
29.8
73.8
10.3
1.6
6.4
11.8
31.8
100
15.2
64.4
53.9
78.3
45.5
88.8
1.3
91.3
92.3
83.8
17.5
9.2
80.9
71.9
85.2
27.8
62.4
85.3
21.2
23.1
59
0.2
1.6
48.8
72.9
3
92.2
98.8
86.4
32.8
48.9
47.8
71.5
84.7
47.6
8.3
83.2
84
62
17
64.8
36.3
40.7
56.1
75.3
90.6
56.2
72.1
38.1
44.2
55.1
34
73.9
12.5
95.2
0.6
94.1
99
62.6
48.3
10.5
65.4
38.1
43.1
61.2
60.7
5.9
78.8
5.2
32.8
43.1
62.3
74.8
40.8
29.7
71.5
20.6
95
40.7
81.1
51.6
93.6
58.9
78.6
33.5
91.4
2.4
47.7
96.4
17.8
72.7
92.3
70.8
53
26.7
62.8
42.6
90.1
24.9
97.6
53.1
75.8
41.4
9.7
1.7
9.3
90.6
25.2
80.8
73.1
70.4
54.8
45.3
25.6
68.5
53.6
59.5
14.7
79.1
3.7
4.8
50.6
60.8
27.9
95.9
28.2
74.7
30
42.3
59.3
41.4
80.9
5.3
4.2
79.2
57.7
92.5
65.8
70.9
94.7
95.9
63.3
26.4
62.8
83.2
44.2
68
63.8
10.1
63.8
91
75.1
65.5
54.1
59.8
82.8
98
4.7
14
83.9
8.2
89.9
79.3
22.2
69.8
29.4
81.4
20.7
93
69.4
35.2
81.7
19.5
23.9
98.9
67.6
97.2
42.2
98.1
68.4
96.7
10
75.7
61
46.7
66.9
36
39.6
18.5
92.9
9.5
33.3
86.7
45.9
26.7
46.4
91.4
43.2
28.7
36.1
16.7
45
12.3
26.1
88.4
17.4
96.7
70.7
94.7
47.5
70.9
34.7
67.1
82.1
26.7
7
37.9
92.8
3.9
88.5
36
76.8
97.9
3.1
92.2
19.2
89.1
9.4
44.5
81
50.8
4.1
52.4
22.3
64.8
15.1
22.6
26.3
38.3
97
74.1
0.2
85.6
30.6
52.7
28.8
86.4
98
96.7
47.9
34.6
21
88.7
90.7
72.1
64.4
60.7
44.3
36.2
98.4
93.9
81.8
79.6
71
80
49.8
79.6
74.3
25.3
36.8
14.1
10.4
85.6
75.6
5.3
85.7
44.6
26.3
99.8
65.1
79
6.6
70.6
12.8
44.8
42.8
50.4
27.7
26.6
67.6
24.7
78.2
80.4
81.6
26.4
76.1
31.7
58.2
77.8
53.4
82.9
78.5
70.4
44.5
47.7
37.5
10.9
53.6
40.3
93.6
44.2
78.7
39.4
32.1
41.5
94.5
85.8
91.3
30.5
49.7
69.2
70.7
82.7
21.7
58.4
13.4
51.2
97.7
30.6
66.6
20.7
9.9
41.9
62
79.2
2.5
46.8
85.1
93.5
49.6
97.6
7.6
69.5
78.8
46.6
76.3
64
50.9
46.1
68.3
58.7
49.6
12.3
93.6
94.9
56
12
13.9
46.7
37.4
75.1
6.1
34.2
9.4
54.9
40.7
91.9
26.9
21.3
6.6
62
12.8
57.2
11.5
4.3
75.1
75
72.9
26.2
97.8
73.7
2.6
60.7
46.6
78.4
95.4
40.6
62.7
15.4
16.6
54.6
12.8
78.1
43.2
38.1
18.4
34.8
72.4
8.2
6.4
54.5
25
42.7
44.1
66.3
29.2
3
69.9
59.9
97.9
72.8
82.6
46.1
27
18.1
22.4
34.8
40.3
16.6
8.3
42.4
5.6
18.8
80.8
81
33.1
9.2
11.2
54.5
34.5
7.6
69
20.6
75.7
72.5
21.8
85.7
4.9
76.1
28.1
65.1
8.9
96.7
6.8
77.9
17.4
84.4
4.9
93.3
57.7
76.4
59.9
33.6
61.7
85.8
98.1
16.7
66.2
49.2
93.4
93
8.6
25.1
89.2
69.4
28.9
28.9
78.7
5.8
56
82.8
91.1
22.7
29.1
24.2
26.5
66.7
7.5
69.3
14.9
41.3
89.3
21.7
15.9
82.8
16
4.3
84
16.4
44.9
39.7
25.1
89.7
19.7
67.9
10.9
48.7
43.8
30.4
32.4
0.2
4.2
84.6
63.1
9.5
40.1
99.4
5.5
39.5
20.5
54.3
12.5
57
58.2
64.4
82.8
20.2
50.3
2.4
3.9
56.2
83.5
10.2
20.6
90.1
73.3
45.7
63.7
21.1
91.8
59.4
47.8
79.3
91.1
99.1
40.9
77.6
89
7
39.2
14
83.6
30.7
4
17.4
7
57.4
44.5
82.8
19.6
33.7
39.6
10.3
31.7
0.8
2.3
76.5
94.9
0.9
77.3
0.9
79.1
15.8
4.8
83.2
8.7
69.7
90.7
46.8
81.5
19.1
46.8
60.6
51.2
38.4
65.4
44
82.7
94.3
93
44.1
52.8
54.1
88.7
44.4
4.8
15.4
47.1
61.1
60.6
71
97.2
47.2
24.3
33.3
84.3
42.1
22.6
88.2
71.9
58.9
35.2
25.3
85.8
86.6
97.6
43.1
35.2
10.3
75.1
78.9
74.8
7.3
29.1
22
71.8
99.4
76.1
75.7
9.3
69.4
20
3.3
85
87.4
34.4
93.4
44.5
85.7
48.7
2.6
36.5
0.1
33.3
2.3
14.6
5.4
71
89.6
74.8
50.9
32
63.5
13.7
12.4
24.5
98.3
49.1
37.6
54.7
44
4.9
56.6
96.3
16.9
72
47
98.3
11.4
28.8
34.1
76.7
63.4
29.1
32.2
63.7
67.8
99.6
90.7
46.4
25
62.1
5.7
13.4
56.7
95.6
5.8
42.2
46.2
50.2
66.1
91.7
16.4
73.9
37.9
39.8
33.5
58.9
50
47.1
20
11.6
36.7
46.6
23.3
87.5
7.9
33.8
80.1
84.9
99.4
95.9
75.8
67.2
5.9
68.3
61.8
6.6
70.7
82.1
31.3
20.5
60.3
19.8
13.7
64.4
11.7
97.9
30.7
62.5
11.6
47.4
16.1
67.9
33.7
72
60.9
18.9
78.3
32.2
61.7
22.4
71.3
18.7
17.1
76.7
4.3
26.9
45.9
87.7
66.3
94.7
98.2
75.4
70.5
83.9
59.8
32.3
59.6
91.2
11.6
38.8
22.2
23.8
60.5
57.9
64.1
86.5
56.7
69.5
93.2
36.6
75.7
18.5
6.6
10.7
26.6
0.1
98.5
39
40.3
41.2
95.8
80.8
40.8
22.8
68.7
94.4
3.6
11.3
23.2
67.8
5
20.7
40.2
43.6
54.7
96
57.7
81.2
70.9
9.1
16.5
59.8
72.6
10.8
88.4
41.6
37.8
9.5
38.1
35.6
16.9
93.5
38.4
61.2
31.7
40.4
94.9
20.1
4.2
66.1
27.4
72.4
19
3.3
22.4
78.8
17.9
74
50.4
13.8
89.1
46.4
17.8
80.2
20.4
91.4
83.1
31.5
10
99.9
10.4
59.9
11.8
79.1
86.9
37.5
69.3
44.9
10.7
18.5
84.9
92.7
56.8
23.6
40.8
97.8
47.2
20.6
3.1
92.1
84.6
45.9
76
59.9
4.3
80.9
27.8
6.7
63.4
50.6
27.9
29.1
31.2
44.1
1.8
40.3
87
54.4
84.9
22.7
76.1
5.8
86.4
64.7
49.1
66.9
52.7
38.7
61.1
65
34
81.4
16.3
35.9
22.1
43.8
81.6
87.6
37.3
87.7
39.1
43
55.6
1.1
7.8
78.5
27.6
43.6
97.7
84.1
4.9
53
19.1
63.4
36.8
63.8
32.4
44.6
0.4
99.5
8.7
73.5
45.3
27.6
54.2
92.6
20.2
85.6
30.5
37.9
39.2
43.4
26.1
72.6
82.7
12.6
69.1
19
70.8
93.6
84.8
72
88.4
61.5
42.9
31.4
4.9
2.7
64.1
72.8
71
46.7
56.6
96.6
88.8
47.4
97.7
75.1
65.4
95.4
23
51
34.4
60.1
77.2
61.2
77.9
76.4
18.9
56.9
0.3
96.1
96.9
37.4
66.7
36.1
41.9
38.6
0.2
48.6
62
94.7
61.4
69.7
39
89.5
80.5
12
22
62.8
8.9
46.2
29.6
65.3
64.4
9.1
74.8
96.6
12.5
28.5
52.6
95.4
79.3
11.1
19.8
49.8
80.6
11.3
85.7
25.7
73.1
23.2
3.5
50.2
17.2
43.9
65.7
26.6
23.7
47
92.5
38.7
97.3
80.3
65.3
47.2
58.1
92.6
38.1
70.9
60
13.8
86.8
72.9
81.3
83.2
68.5
29.4
65.9
14.1
88.8
68.9
7.8
56
96
53.1
63.1
67.7
14.1
63.9
39.2
86.1
27.7
6.1
9.5
32.9
43.8
5.4
38.6
14
92.8
72.9
19.7
30.5
36.9
39.7
97.6
81.4
18.4
39.2
14.9
64.7
33.4
56
12.8
77.4
60.2
20.8
49.6
55.3
83.6
46.1
65.3
17.2
59.6
72.1
27.4
8.9
46.8
37.6
16.4
61.3
47.5
65
93.1
62.9
39.6
58.4
83.4
12.8
4.6
0.1
98.6
99.1
77.3
63.9
77.2
79.4
69.7
37.4
6.2
90.9
71.7
30.1
74
82.8
49.8
87.3
57.9
29
77.3
69.4
65.9
100
47.9
36.7
61.1
64.3
99.6
56.8
57.8
85.5
45.5
99.3
60.3
22.7
99.5
4.6
37.5
54.9
88.4
44.5
88.2
97.6
67.1
84.8
31.9
9.9
96.8
59.5
57.3
6.8
13.9
99.2
79
26.9
46.1
51.3
30.1
81.3
43.5
67.8
57.6
61.8
89.1
4.8
99.1
34.1
70.6
48.5
64.4
81.5
56.5
50.1
29.9
68.3
87.6
37.1
92.4
49.9
5.2
86.5
67.8
2.4
26.1
76.5
11.8
46.8
77.1
92
85.6
29.8
72.8
66.6
30.1
88.9
97
81.4
39.9
24.5
36
85.1
45.7
60.6
81.1
42.9
91.4
42.1
88.3
3.3
26.7
38.8
63.2
46.5
50.2
38.1
58.6
70.3
7.4
65.4
59.5
22.8
38.9
95.5
80.3
86.7
16.9
14.8
37.2
13.8
63.4
31.3
86.3
32.1
10.2
55.6
68.6
8.7
11.8
74.2
76.4
64.9
93.3
66.8
95.4
14.7
21.4
59.5
70.8
7.6
26.7
73
48.3
50.9
80.3
49.5
57.2
50.7
69.9
95.6
14.5
44.5
22.5
77.9
10.2
3.2
74.1
30.4
92.6
52.9
56
59
27.1
85
91.3
78.9
56.4
40.1
54.2
51.5
50.6
4.5
71.2
37.6
28.5
10.7
25.9
39.8
39.5
16
12.4
41.6
9.7
82.3
25.9
87.4
87.7
39.7
70.7
10.6
79.6
38.8
14.4
14.2
14
38.9
84
27.8
37.3
75.3
39.7
68.3
77.2
58.6
53
58.5
44.8
86.9
94
100
61.6
52.3
24.3
71.3
70.8
63.2
84.9
45.5
97.2
49.1
21
45.9
92.6
72.8
86.9
96.5
55.6
90.6
29
20.8
35.6
39.7
32.4
34.2
5
63.5
78.5
42.7
78.7
61.2
82.3
87
25.9
41.2
80.1
80.5
98.6
50.4
36.3
60.9
92.3
4.1
40.2
93.8
1.3
34.8
92
9.2
14.9
16.1
40.6
42.6
9.1
33.1
28.2
88.9
79.6
63.9
41.2
98.5
64.8
65.6
37.2
50.3
10.1
76.2
71.8
96.6
54
50.2
42.4
81.6
41
5.4
0.3
43.2
58.6
9
80.8
94.5
53.6
26.5
81.3
62.8
98.5
75.6
9.6
88.6
45
23.9
75.6
41.6
74.2
5.7
61
2
82.8
86.3
24.9
78
34.4
73.2
75.2
25.2
9.7
49.9
98
13.9
30.7
99.2
30.2
41.4
78.2
45.2
47
28.7
27.8
14.3
54.2
35.6
43.6
65.9
80
96.2
38.1
37.5
58.5
53.9
11.4
65.7
59.4
37.4
67.2
3.2
25.3
25.4
40
62.4
10.1
3.7
60.1
36.7
19.3
54.7
16.5
30.4
28.2
95.3
81
93.4
72.3
48.3
9
24.3
70.5
87
94.1
13.7
6.6
80.6
61.3
67.3
82.7
95.6
62.6
21.1
15.7
38.9
64.7
86.9
61.5
41.4
79.7
72.7
6.6
8.6
18.2
83
25.7
18.9
71.7
83.9
99.9
91.6
50
22.3
73.4
46.9
63
14.4
91.7
2.9
66.2
79.1
42.5
74.2
44.8
34.8
72
8.2
38.3
49
10.6
40.4
75
39.1
99.2
16.9
54.6
31.8
34.6
16.8
27.1
53.9
98.7
92.6
20.3
18.3
9.6
62.9
25.6
39.7
72.1
34.2
81.4
54.7
27.9
2.8
90.4
72.5
68.7
98.7
36.6
39.8
86.9
61.7
21.9
34.5
60.5
16.4
88
1.6
37.3
84.4
80.8
21.8
32.7
1.8
18.1
5.8
87
53.7
45.9
70.1
62.3
27.5
83.6
82.9
91.5
95.9
90
42.8
59.3
92.2
34.1
9
53.7
4.4
49.4
14.7
2.2
82.9
9.5
21.9
80.3
94.4
49.7
2.8
21.8
8.6
40.4
67.3
77.7
68.6
71.2
6.7
25.5
35.5
94.3
64.4
50.1
15.1
86.7
21
53.5
39.9
50.1
18.3
91.7
68.6
69.4
25.4
92.5
62.2
24.9
11.2
27.6
4.4
10.4
62.4
11.7
72.4
28.6
20.4
71.3
11.8
8.5
47
80.8
96.7
10.5
58.5
38.2
6.6
37.3
63.1
56.1
8.8
71.6
94.6
99.4
62.2
84.3
46.6
25
15.9
14.9
76.7
7.1
49.7
69.4
70.4
96.8
68.4
46.1
71.5
44.5
41.6
71.5
92.5
96.2
72.6
20.1
66.8
77.3
25
81.8
21.9
81.4
35.9
38
47
8.7
47.6
72.5
24.7
18.8
51.8
28.3
7.2
34.1
50.2
23.6
62.6
27.4
94.8
0.7
38.9
91.8
24.4
33.9
18.5
95.8
64
9.5
26.1
53.2
25.4
66.6
23.8
39.1
97.2
2.8
49.8
46.1
18.5
49.2
10
49.2
94.1
89.1
10.7
41.4
49.9
22.4
79.1
56.3
12.6
22.2
99.6
94.7
57.9
75.5
20.2
52.4
41.4
9.9
54.7
68.8
47.9
21.3
91.9
48.3
68.5
71.5
35.7
2
45.9
12.8
73.1
40.2
82.7
89.3
76.7
2.5
54.5
75.6
10.3
62
28.9
38.5
42.2
75.7
63.6
66.9
20
41.1
21.4
50.9
13.6
91.6
56.3
35.5
30.3
23.5
11.6
41.1
26.4
7.5
9.3
98.5
88.2
94.9
4.1
42.5
30.2
78.2
70.3
29.4
89.7
2.1
90.2
45.6
98
97.9
1.5
0.8
67.4
70
6.7
6.9
98.6
52.5
76.5
58.8
63
11.9
11.2
60.3
32.3
4.3
18.8
94.3
49.8
18.9
37.3
83.9
61.4
93.4
34.9
83.2
55.1
59.7
66
61
3
11.8
32.5
90.7
32.2
19
22.6
73.9
41
47
88.2
24
10.8
63
91.4
15.5
68.6
5.1
39.4
25
79.5
20.3
0.9
93.5
72.8
67.3
70.8
49.7
94.3
97.3
65.1
0.9
82
62.2
48.4
72.8
57.4
70.6
64.5
15.9
37.6
64.5
49.2
93.5
75.3
98.4
22.5
98.7
46.4
33.2
90.2
75.4
95.6
32.7
59.7
72.9
25.2
6.2
1.1
48.1
15.4
2.8
89.2
49.2
25.3
81
72.7
27
13.5
86.4
13.1
72.2
66.8
5
1.8
66.6
1.2
72.6
90.9
16.3
5.1
52.5
21.6
60
67.1
45.6
71.2
22.2
68.1
3.8
57
80.8
53.6
66.7
9.3
88.3
5
10.7
59.5
32.5
44.5
7.1
26
3.4
95.7
9.4
89.2
2.3
60.6
88.8
75.8
49.9
2.9
44.7
92.1
29.8
13
97.5
9
86
86.5
48
47.3
87
40.9
81.8
66.4
22.3
81.9
18.4
17.8
82.1
67.9
45.5
46.5
84.8
80.4
82.5
62.7
66.4
99.2
29.3
49.3
95.5
3.1
25
37.6
42.6
49.4
29.2
16.3
77.2
53.8
14.1
88.9
35.5
36.4
96.8
63.7
46.2
52
51.4
10.7
28.6
75.1
70.5
64.1
97.3
35.4
46.6
4.6
30.7
12.7
55.8
29.7
54.7
88.1
79.7
